['images/1.jpg', [118.59742228190102, 103.09297688802081, 56.548156738281214]]
['images/10.jpg', [71.92993164062497, 88.09688313802081, 84.39000447591145]]
['images/100.jpg', [58.625325520833314, 77.74937947591147, 69.54106648763018]]
['images/101.jpg', [178.48764038085938, 106.2238057454427, 34.93748982747396]]
['images/102.jpg', [178.48883056640616, 106.22264607747401, 34.942443847656236]]
['images/103.jpg', [178.48883056640625, 106.22674560546875, 34.9461669921875]]
['images/11.jpg', [68.19796752929683, 91.59298706054685, 60.21893310546875]]
['images/12.jpg', [72.3138122558594, 113.1962687174479, 72.34900919596353]]
['images/13.jpg', [78.7184549967448, 133.14971923828134, 104.72342936197921]]
['images/14.jpg', [82.85658772786455, 118.96313476562497, 101.79845174153644]]
['images/15.jpg', [60.60499064127604, 92.05308024088538, 66.71896362304689]]
['images/16.jpg', [88.6431783040365, 105.45729573567708, 92.24647013346362]]
['images/17.jpg', [87.27415974934902, 100.55712890624993, 84.49132283528647]]
['images/18.jpg', [74.76113891601568, 90.44050089518228, 87.50462849934893]]
['images/19.jpg', [80.42179361979173, 128.93598429361978, 108.39211018880201]]
['images/2.jpg', [73.67599487304685, 108.76373291015615, 72.97486368815103]]
['images/20.jpg', [51.09974161783853, 115.23830159505206, 97.51239013671878]]
['images/203.jpg', [94.24935913085946, 98.05944824218754, 100.04144287109379]]
['images/204.jpg', [116.15189615885417, 108.4158426920573, 108.29773966471355]]
['images/205.jpg', [136.52610270182288, 104.08212280273435, 88.88267008463546]]
['images/206.jpg', [80.57901000976558, 87.68394978841152, 91.71316528320312]]
['images/207.jpg', [108.1055094401042, 117.33467610677094, 123.4482218424479]]
['images/208.jpg', [74.05454508463542, 85.05612182617188, 90.64646402994792]]
['images/21.jpg', [95.8722635904948, 148.87661743164054, 146.60548909505204]]
['images/210.jpg', [94.03204345703124, 105.73947143554693, 107.1848958333333]]
['images/211.jpg', [109.67930094401041, 102.98385620117182, 103.56147257486981]]
['images/212.jpg', [74.64285278320315, 93.15232340494795, 98.88566080729164]]
['images/213.jpg', [98.42860921223958, 71.1083984375, 51.26195271809896]]
['images/214.jpg', [128.27278645833337, 89.8241068522135, 69.325693766276]]
['images/215.jpg', [119.1575927734375, 94.91051228841145, 79.14080810546875]]
['images/217.jpg', [93.67254638671875, 105.12230428059895, 111.36795043945312]]
['images/218.jpg', [87.5915832519532, 110.56635538736977, 117.5450744628906]]
['images/219.jpg', [122.32506306966143, 116.2514038085937, 117.57988484700525]]
['images/22.jpg', [99.03870646158855, 136.64603678385424, 127.32083129882814]]
['images/220.jpg', [149.03009033203125, 96.46897379557292, 79.12693277994792]]
['images/221.jpg', [115.60791015624999, 124.85187784830723, 125.36798095703129]]
['images/222.jpg', [107.02918497721355, 102.78942871093747, 106.5592346191406]]
['images/23.jpg', [129.88773600260416, 125.30735270182292, 102.96991984049475]]
['images/24.jpg', [120.81040445963542, 108.35435994466148, 88.48599243164053]]
['images/25.jpg', [96.90696021553369, 162.53442091866245, 152.36837407646152]]
['images/26.jpg', [26.74973551432292, 81.6844278971354, 109.98488362630209]]
['images/27.jpg', [75.99588012695314, 108.33664957682288, 112.45423380533842]]
['images/28.jpg', [37.74358113606769, 95.42313639322917, 95.66191609700518]]
['images/29.jpg', [58.619547526041714, 129.30176798502595, 128.16461181640616]]
['images/3.jpg', [111.16865030924474, 117.50385538736978, 85.74815877278647]]
['images/30.jpg', [93.33502197265616, 144.0209147135417, 136.36406453450527]]
['images/31.jpg', [56.25513712565102, 91.131103515625, 88.13905843098955]]
['images/32.jpg', [52.67244466145836, 127.06897989908853, 126.0323181152344]]
['images/323.jpg', [110.70515950520831, 97.22926839192709, 90.70803833007812]]
['images/324.jpg', [71.6897888183594, 86.47231038411458, 96.87356567382821]]
['images/325.jpg', [101.38511149088548, 93.04577636718743, 107.96952311197914]]
['images/326.jpg', [65.54310099283855, 89.87677001953125, 100.30225626627603]]
['images/327.jpg', [64.22561645507814, 63.36619059244794, 92.617431640625]]
['images/33.jpg', [29.69415283203124, 68.35708618164057, 136.03396606445315]]
['images/330.jpg', [85.152099609375, 78.65333048502603, 106.87130737304695]]
['images/331.jpg', [97.28359985351562, 88.86169433593751, 110.12747192382811]]
['images/332.jpg', [86.37529500325525, 82.66095987955731, 141.14602661132812]]
['images/333.jpg', [117.63835652669268, 106.46609497070312, 82.5804748535156]]
['images/334.jpg', [110.6963806152344, 102.97792561848958, 132.52437337239573]]
['images/337.jpg', [115.75023396809901, 109.70430501302083, 110.26114908854163]]
['images/338.jpg', [125.9461669921875, 113.91410319010417, 110.80708821614583]]
['images/339.jpg', [69.20312500000001, 70.80053710937504, 76.92549641927079]]
['images/34.jpg', [22.18001302083334, 76.58665974934897, 143.44631958007815]]
['images/340.jpg', [88.7584228515625, 87.79663085937499, 93.43093872070317]]
['images/341.jpg', [86.54773966471357, 76.38499959309894, 88.98029581705732]]
['images/35.jpg', [35.88572184244791, 92.96069335937509, 142.13092041015614]]
['images/36.jpg', [31.146962483723964, 72.50076293945307, 126.74329630533863]]
['images/37.jpg', [43.476521809895814, 10.943959554036459, 195.42316691080725]]
['images/38.jpg', [30.763407389322907, 49.88529459635418, 118.58689371744794]]
['images/39.jpg', [87.75967407226571, 36.19408162434894, 88.17251586914058]]
['images/4.jpg', [107.13772583007814, 114.83396402994788, 92.3040466308594]]
['images/40.jpg', [28.731750488281268, 47.96229044596353, 117.65740966796871]]
['images/406.jpg', [185.98177083333323, 201.32084147135416, 207.37765502929685]]
['images/407.jpg', [201.88887532552067, 209.44828287760407, 218.01676432291669]]
['images/408.jpg', [161.82434082031256, 173.5948486328124, 178.86168416341158]]
['images/409.jpg', [195.82412719726565, 200.21971638997397, 200.88858032226565]]
['images/41.jpg', [49.97158813476562, 48.67817179361982, 121.05474853515625]]
['images/410.jpg', [181.86875406901046, 186.16849772135416, 194.95907592773426]]
['images/411.jpg', [178.99895222981758, 195.30852254231777, 203.52331542968759]]
['images/413.jpg', [203.08653767903647, 214.01157633463555, 220.64658610026038]]
['images/414.jpg', [187.645985921224, 195.2256978352864, 196.67669677734384]]
['images/415.jpg', [194.52600097656247, 203.71591186523435, 204.75018310546892]]
['images/416.jpg', [202.6014506022135, 210.52389526367182, 208.2430826822917]]
['images/417.jpg', [195.8979390462239, 203.36344401041677, 205.16516113281253]]
['images/418.jpg', [192.68690999348954, 201.10640462239581, 208.27347819010416]]
['images/42.jpg', [16.785654703776043, 13.733144124348959, 54.22307332356771]]
['images/420.jpg', [207.0633544921873, 214.49787394205734, 214.536092122396]]
['images/421.jpg', [195.89459228515625, 206.42396036783842, 214.72643025716147]]
['images/422.jpg', [171.8710021972658, 179.25576782226562, 183.13589477539054]]
['images/423.jpg', [203.58152262369808, 215.0658671061199, 214.81705729166669]]
['images/424.jpg', [181.70166015624994, 191.5890096028648, 197.44130452473954]]
['images/425.jpg', [197.53410847981775, 200.1678059895832, 199.13068644205723]]
['images/43.jpg', [15.081278483072914, 14.831797281901041, 29.301808675130204]]
['images/44.jpg', [14.786865234374986, 12.211090087890609, 112.71740722656246]]
['images/45.jpg', [24.135670979817714, 37.60288492838543, 126.26578776041671]]
['images/46.jpg', [33.27613321940104, 57.923004150390575, 89.72490437825525]]
['images/47.jpg', [18.794016520182307, 23.22646077473958, 112.90597534179693]]
['images/48.jpg', [31.292185465494804, 40.17721557617189, 92.80600992838536]]
['images/49.jpg', [184.71842447916666, 188.02644856770834, 222.06594848632812]]
['images/5.jpg', [125.99724324544268, 124.26270548502602, 92.1603597005208]]
['images/50.jpg', [146.77411905924478, 159.4266560872396, 185.08345540364584]]
['images/51.jpg', [164.8887939453125, 171.2243855794271, 193.64065551757812]]
['images/52.jpg', [131.6828409830729, 138.7132364908854, 190.7729288736979]]
['images/53.jpg', [168.41878255208334, 178.08354695638022, 199.80757649739584]]
['images/54.jpg', [151.70891316731772, 159.35305786132812, 188.93744913736978]]
['images/55.jpg', [72.96158854166667, 84.7871805826823, 114.1171366373698]]
['images/56.jpg', [167.5799560546875, 180.729248046875, 205.11172485351562]]
['images/57.jpg', [30.13632202148438, 61.134023030598975, 168.33645629882815]]
['images/58.jpg', [35.373881022135414, 54.813090006510414, 177.69415283203125]]
['images/59.jpg', [55.98517862955729, 58.847259521484375, 169.37694295247397]]
['images/6.jpg', [63.94770304361982, 103.44936116536452, 87.21390787760419]]
['images/60.jpg', [28.426564534505207, 80.90603637695312, 147.35973103841147]]
['images/602.jpg', [36.393198649088546, 28.05462646484376, 113.78436279296878]]
['images/603.jpg', [18.947489420572918, 21.37743123372396, 90.21065266927093]]
['images/604.jpg', [55.01223754882813, 58.139231363932275, 65.42170206705737]]
['images/605.jpg', [36.184560139973954, 56.74213663736977, 106.68478393554686]]
['images/606.jpg', [54.19273885091143, 48.74792480468749, 77.89642333984371]]
['images/607.jpg', [61.96813964843752, 66.02762858072916, 100.67235310872397]]
['images/609.jpg', [11.430287679036455, 76.19235229492193, 104.53759765624997]]
['images/61.jpg', [44.58294677734375, 35.14427693684896, 136.1796671549479]]
['images/610.jpg', [37.44273885091145, 50.95819091796876, 105.14722696940109]]
['images/611.jpg', [43.106374104817704, 55.168782552083336, 61.59664916992187]]
['images/612.jpg', [60.4891560872396, 46.34993489583332, 84.65699259440093]]
['images/613.jpg', [45.14062499999997, 34.71052042643228, 73.96755981445317]]
['images/614.jpg', [32.47227986653646, 46.3192138671875, 99.70259602864587]]
['images/616.jpg', [19.415079752604168, 20.04696655273438, 68.29753621419273]]
['images/617.jpg', [42.79372151692711, 55.0303243001302, 77.09243774414065]]
['images/618.jpg', [31.9372049967448, 14.297495524088541, 74.29820760091143]]
['images/619.jpg', [37.5644836425781, 42.03886922200523, 102.18273925781256]]
['images/62.jpg', [39.98304239908854, 147.8129679361979, 179.61714680989584]]
['images/620.jpg', [34.364746093749986, 35.08606974283854, 88.66302490234375]]
['images/621.jpg', [33.75661214192706, 27.144429524739582, 76.42115275065107]]
['images/623.jpg', [26.238932291666664, 67.26566569010419, 81.87013753255204]]
['images/624.jpg', [45.7605692545573, 36.6563212076823, 100.6113586425781]]
['images/625.jpg', [49.551849365234325, 57.96898396809898, 65.4354960123698]]
['images/626.jpg', [19.659088134765643, 22.508514404296875, 95.84747314453115]]
['images/627.jpg', [61.55137125651048, 70.92360432942712, 73.67462158203122]]
['images/628.jpg', [15.511647542317698, 74.11533610026048, 100.97492472330738]]
['images/63.jpg', [69.24800618489583, 41.021199544270836, 191.44184366861978]]
['images/64.jpg', [87.36034138997395, 35.111053466796875, 166.1556599934896]]
['images/65.jpg', [51.419535319010414, 66.3291015625, 172.09302775065103]]
['images/66.jpg', [91.7803955078125, 110.0236104329427, 100.08711751302083]]
['images/67.jpg', [40.670471191406286, 37.65639241536463, 90.47153727213542]]
['images/68.jpg', [31.995310465494793, 84.9645487467448, 96.15676879882812]]
['images/69.jpg', [31.50748697916667, 112.74845377604166, 134.84140014648438]]
['images/7.jpg', [136.9624226888021, 131.0297546386719, 99.69245402018232]]
['images/70.jpg', [21.133046468098968, 88.69273885091145, 90.95415242513009]]
['images/71.jpg', [24.97758992513021, 51.33272298177085, 42.38476562500003]]
['images/72.jpg', [35.183980305989586, 71.42850748697919, 96.66094970703126]]
['images/73.jpg', [39.48723347981771, 45.21564737955729, 102.77789306640625]]
['images/74.jpg', [65.78047688802084, 70.38694254557291, 66.01423136393227]]
['images/75.jpg', [187.26303100585938, 130.81374104817706, 78.7183532714844]]
['images/76.jpg', [127.05071004231762, 101.62583414713536, 95.57786051432288]]
['images/77.jpg', [139.2278238932291, 115.75333658854164, 102.89337158203126]]
['images/78.jpg', [192.5670572916667, 142.30472819010416, 89.26779174804692]]
['images/79.jpg', [149.16784667968753, 112.9311014811198, 82.68879191080727]]
['images/8.jpg', [87.19101969401041, 98.24521891276032, 74.47974650065103]]
['images/80.jpg', [202.08465576171878, 190.8555704752604, 190.86477661132812]]
['images/81.jpg', [200.25522867838544, 194.4904073079427, 190.8006693522134]]
['images/82.jpg', [197.33165486653644, 121.9760233561197, 67.10077921549478]]
['images/83.jpg', [182.069366455078, 138.3391011555989, 90.95914713541663]]
['images/84.jpg', [201.690205891927, 192.2781778971354, 184.7844848632812]]
['images/85.jpg', [205.80604044596353, 193.90661621093764, 187.3052673339842]]
['images/86.jpg', [206.9758911132814, 197.20068359374997, 192.1795043945312]]
['images/87.jpg', [211.85771687825522, 202.69161987304705, 192.383310953776]]
['images/88.jpg', [178.47308349609372, 106.21037801106776, 34.92236328125]]
['images/89.jpg', [193.99796549479166, 103.00145467122395, 81.73687744140625]]
['images/9.jpg', [58.39133707682285, 86.59765625000004, 112.26304117838538]]
['images/90.jpg', [63.623514811197886, 109.82425944010413, 98.91855875651041]]
['images/91.jpg', [59.43484497070312, 111.3948262532552, 91.92148844401032]]
['images/92.jpg', [49.99137369791668, 84.39636230468754, 75.19578043619798]]
['images/93.jpg', [68.4233805338541, 107.69695027669269, 92.28720092773442]]
['images/94.jpg', [74.29210408528648, 107.83851114908852, 95.8612365722656]]
['images/95.jpg', [48.15235392252604, 65.30291748046875, 68.83700561523438]]
['images/96.jpg', [68.54146321614584, 102.3761901855469, 102.95378621419269]]
['images/97.jpg', [66.54989624023435, 146.50258382161454, 122.85433959960946]]
['images/98.jpg', [68.74953206380202, 96.18077596028631, 84.97025553385416]]
['images/988.jpg', [62.354848225911425, 85.03587849934897, 119.83927408854171]]
['images/989.jpg', [69.35540771484375, 100.7284444173177, 139.35181681315103]]
['images/99.jpg', [42.915985107421896, 66.24888102213541, 54.01751708984375]]
['images/990.jpg', [65.52667236328124, 83.17868041992192, 110.6411844889323]]
['images/991.jpg', [103.00107828776042, 134.349334716797, 145.83724975585932]]
['images/992.jpg', [91.62366739908852, 127.7296447753907, 147.89148966471348]]
['images/995.jpg', [167.03662109375, 166.491455078125, 171.28438313802084]]
['images/996.jpg', [96.73631795247402, 109.14715576171878, 165.57689412434897]]
['images/997.jpg', [148.36133829752598, 166.35901896158856, 177.1297098795574]]
['images/998.jpg', [55.88321940104168, 59.31981404622394, 82.91063435872397]]
['images/999.jpg', [102.22473144531247, 103.29443359374996, 123.8857930501302]]
